cpu  125738528 84 79872536 19271155715 5446410 1354 31480741 0 0
cpu0 1079018 9 3014359 394600398 330784 215 7460486 0 0
cpu1 1221168 3 3392430 394377937 247713 196 7954515 0 0
cpu2 1132939 44 3450918 394010880 50352 204 7731532 0 0
cpu3 1122936 4 4035799 393897851 47917 220 7816920 0 0
cpu4 3184441 0 4416564 398713540 35810 44 51191 0 0
cpu5 3264816 0 4387728 398640153 36510 42 54279 0 0
cpu6 3075325 0 3834283 399420303 26194 45 51390 0 0
cpu7 2735042 0 3625098 399978091 32963 45 44045 0 0
cpu8 2171169 0 3281437 400845886 33398 2 25396 0 0
cpu9 843710 0 2256255 403193693 44357 5 5518 0 0
cpu10 578292 0 2221130 403456066 33545 0 2364 0 0
cpu11 585797 0 2226095 403467699 28814 0 1851 0 0
cpu12 487642 12 1828642 403934952 84148 65 8444 0 0
cpu13 479981 0 1835153 403958530 86885 70 6606 0 0
cpu14 477213 0 1821405 403920979 77840 62 5891 0 0
cpu15 562766 0 1820280 403871363 91208 67 4637 0 0
cpu16 453974 0 1675303 404076793 94003 0 3953 0 0
cpu17 635174 0 1796005 403815838 79463 0 4879 0 0
cpu18 509160 0 1716119 404003496 84436 56 15164 0 0
cpu19 540665 0 1733956 403979849 93563 0 4281 0 0
cpu20 231583 0 233386 405246309 586221 0 13360 0 0
cpu21 570428 0 639273 404692511 319911 1 33868 0 0
cpu22 131562 0 160182 405519293 536525 5 6158 0 0
cpu23 358507 0 165350 405297198 455450 0 35029 0 0
cpu24 6199581 0 1086981 399621463 165363 1 9490 0 0
cpu25 8860349 0 3691197 395500137 119708 0 12353 0 0
cpu26 8154545 1 3788463 394716199 14937 0 8953 0 0
cpu27 8400821 3 3952893 394400360 14624 0 9774 0 0
cpu28 5320449 0 1025990 400304523 15438 0 7527 0 0
cpu29 5307309 1 990125 400447389 14747 0 7944 0 0
cpu30 5293519 0 963577 400386567 15276 0 7500 0 0
cpu31 5168875 0 930366 400567533 14528 0 7956 0 0
cpu32 5014294 0 849126 400753142 16182 0 7215 0 0
cpu33 5895970 0 782762 400007426 15638 0 7472 0 0
cpu34 4481332 0 688161 401450186 15620 0 6814 0 0
cpu35 4698670 0 744592 401223795 18053 0 6925 0 0
cpu36 3197800 0 581291 402754108 14933 0 5029 0 0
cpu37 3261602 0 582407 402883431 14199 0 4770 0 0
cpu38 3253165 0 603807 402673765 14297 0 4896 0 0
cpu39 3388359 0 586425 402613137 13964 0 4735 0 0
cpu40 3058224 0 543995 402893543 30777 0 4635 0 0
cpu41 2987325 0 591425 402981635 15494 0 4413 0 0
cpu42 3099115 0 528109 402841591 25376 0 4378 0 0
cpu43 3016042 0 567114 402946935 22126 0 4443 0 0
cpu44 344513 0 39921 405261967 581554 0 566 0 0
cpu45 212446 0 87993 405836352 126886 0 452 0 0
cpu46 256321 0 64038 405473283 419949 0 284 0 0
cpu47 434573 0 34606 405697618 188711 0 436 0 0
intr 122978426236 13667 0 0 0 0 0 0 0 0 1 28408058 0 0 0 0 0 0 0 97 0 0 0 0 0 0 0 0 0 0 0 0 0 0 0 0 0 0 0 0 0 0 0 0 0 0 0 0 0 0 0 0 0 0 0 0 0 0 0 0 0 0 0 0 0 0 0 0 0 0 0 0 0 0 0 0 0 0 0 0 0 0 0 0 0 0 0 0 0 0 0 0 0 0 0 0 0 0 0 0 0 0 165369517 112146476 134390 164247 56908 61443 36115 40679 20917 34904 24225 20710 11151 11009 12311 11534 9056 11600 9845 19378 25056 48503 19248 19496 146292 249082 15315 18724 15660 11335 6977 9987 5701 7890 8027 6200 6182 4165 7969 5698 5461 5176 4359 7295 23644 22164 17876 17851 2030501 2030491 2030489 2030488 2030488 2030488 2030491 2030488 2030488 2030488 2030488 2030488 2030491 2030488 2030488 2030488 2030488 2030488 2030488 2030488 2030488 2030488 2030488 2030488 2030488 2030488 2030488 2030488 2030488 2030488 2030488 2030488 2030488 2030488 2030488 2030488 2030488 2030488 2030488 2030488 2030488 2030488 2030488 2030488 2030488 2030488 2030488 2030488 3 2900603703 2875456318 2933160006 2760876750 3462263507 3455436031 3474835856 3378571608 3273301607 2940852401 3042066389 3003173330 2593732168 2677152044 2759047443 2544072615 1760294840 1751261669 1925805338 1802850559 50291936 40856975 125224076 4786449 8553456 5235069 6442039 6771201 3384271 4391194 3947108 3364283 3117182 3084846 3100160 3398153 3702511 3906344 4053223 4111069 4273628 4525340 4488949 4699551 3367910 3383680 3278590 3556525 998217 0 0 0 0 0 0 0 0 0 0 0 0 0 0 0 0 0 0 0 0 0 0 0 0 0 0 0 0 0 0 0 0 0 0 0 0 0 0 0 0 0 0 0 0 0 0 0 0 0 0 0 0 0 0 0 0 0 0 0 0 0 0 0 0 0 0 0 0 0 0 0 0 0 0 0 0 0 0 0 0 0 0 0 0 0 0 0 0 0 0 0 0 0 0 0 0 0 0 0 0 0 0 0 0 0 0 0 0 0 0 0 0 0 0 0 0 0 0 0 0 0 0 0 0 0 0 0 0 0 0 0 0 0 0 0 0 0 0 0 0 0 0 0 0 0 0 0 0 0 0 0 0 0 0 0 0 0 0 0 0 0 0 0 0 0 0 0 0 0 0 0 0 0 0 0 0 0 0 0 0 0 0 0 0 0 0 0 0 0 0 0 0 0 0 0 0 0 0 0 0 0 0 0 0 0 0 0 0 0 0 0 0 0 0 0 0 0 0 0 0 0 0 0 0 0 0 0 0 0 0 0 0 0 0 0 0 0 0 0 0 0 0 0 0 0 0 0 0 0 0 0 0 0 0 0 0 0 0 0 0 0 0 0 0 0 0 0 0 0 0 0 0 0 0 0 0 0 0 0 0 0 0 0 0 0 0 0 0 0 0 0 0 0 0 0 0 0 0 0 0 0 0 0 0 0 0 0 0 0 0 0 0 0 0 0 0 0 0 0 0 0 0 0 0 0 0 0 0 0 0 0 0 0 0 0 0 0 0 0 0 0 0 0 0 0 0 0 0 0 0 0 0 0 0 0 0 0 0 0 0 0 0 0 0 0 0 0 0 0 0 0 0 0 0 0 0 0 0 0 0 0 0 0 0 0 0 0 0 0 0 0 0 0 0 0 0 0 0 0 0 0 0 0 0 0 0 0 0 0 0 0 0 0 0 0 0 0 0 0 0 0 0 0 0 0 0 0 0 0 0 0 0 0 0 0 0 0 0 0 0 0 0 0 0 0 0 0 0 0 0 0 0 0 0 0 0 0 0 0 0 0 0 0 0 0 0 0 0 0 0 0 0 0 0 0 0 0 0 0 0 0 0 0 0 0 0 0 0 0 0 0 0 0 0 0 0 0 0 0 0 0 0 0 0 0 0 0 0 0 0 0 0 0 0 0 0 0 0 0 0 0 0 0 0 0 0 0 0 0 0 0 0 0 0 0 0 0 0 0 0 0 0 0 0 0 0 0 0 0 0 0 0 0 0 0 0 0 0 0 0 0 0 0 0 0 0 0 0 0 0 0 0 0 0 0 0 0 0 0 0 0 0 0 0 0 0 0 0 0 0 0 0 0 0 0 0 0 0 0 0 0 0 0 0 0 0 0 0 0 0 0 0 0 0 0 0 0 0 0 0 0 0 0 0 0 0 0 0 0 0 0 0 0 0 0 0 0 0 0 0 0 0 0 0 0 0 0 0 0 0 0 0 0 0 0 0 0 0 0 0 0 0 0 0 0 0 0 0 0 0 0 0 0 0 0 0 0 0 0 0 0 0 0 0 0 0 0 0 0 0 0 0 0 0 0 0 0 0 0 0 0 0 0 0 0 0 0 0 0 0 0 0 0 0 0 0 0 0 0 0 0 0 0 0 0 0 0 0 0 0 0 0 0 0 0 0 0 0 0 0 0 0 0 0 0 0 0 0 0 0 0 0 0 0 0 0 0 0 0 0 0 0 0 0 0 0 0 0 0 0 0 0 0 0 0 0 0 0 0 0 0 0 0 0 0 0 0 0 0 0 0 0 0 0 0 0 0 0 0 0 0 0 0 0 0 0 0 0 0 0 0 0 0 0 0 0 0 0 0 0 0 0 0 0 0 0 0 0 0 0 0 0 0 0 0 0 0 0 0 0 0 0 0 0 0 0 0 0 0 0 0 0 0 0 0 0 0 0 0 0 0 0 0 0 0 0 0 0 0 0 0 0 0 0 0 0 0 0 0 0 0 0 0 0 0 0 0 0 0 0 0 0 0 0 0 0 0 0 0 0 0 0 0 0 0 0 0 0 0 0 0 0 0 0 0 0 0 0 0 0 0 0 0 0 0 0 0 0 0 0 0 0 0 0 0 0 0 0 0 0 0 0 0 0 0 0 0 0 0 0 0 0 0 0 0 0 0 0 0 0 0 0 0 0 0 0 0 0 0 0 0 0 0 0 0 0 0 0 0 0 0 0 0 0 0 0 0 0 0 0 0 0 0 0 0 0 0 0 0 0 0 0 0 0 0 0 0 0 0 0 0 0 0 0 0 0 0 0 0 0 0 0 0 0 0 0 0 0 0 0 0 0 0 0 0 0 0 0 0 0 0 0 0 0 0 0 0 0 0 0 0 0 0 0 0 0 0 0 0 0 0 0 0 0 0 0 0 0 0 0 0 0 0 0 0 0 0 0 0 0 0 0 0 0 0 0 0 0 0 0 0 0 0 0 0 0 0 0 0 0 0 0 0 0 0 0 0 0 0 0 0 0 0 0 0 0 0 0 0 0 0 0 0 0 0 0 0 0 0 0 0 0 0 0 0 0 0 0 0 0 0 0 0 0 0 0 0 0 0 0 0 0 0 0 0 0 0 0 0 0 0 0 0 0 0 0 0 0 0 0 0 0 0 0 0 0 0 0 0 0 0 0 0 0 0 0 0 0 0 0 0 0 0 0 0 0 0 0 0 0 0 0 0 0 0 0 0 0 0 0 0 0 0 0 0 0 0 0 0 0 0 0 0 0 0 0 0 0 0 0 0 0 0 0 0 0 0 0 0 0 0 0 0 0 0 0 0 0 0 0 0 0 0 0 0 0 0 0 0 0 0 0 0 0 0 0 0 0 0 0 0 0 0 0 0 0 0 0 0 0 0 0 0 0 0 0 0 0 0 0 0 0 0 0 0 0 0 0 0 0 0 0 0 0 0 0 0 0 0 0 0 0 0 0 0 0 0 0 0 0 0 0 0 0 0 0 0 0 0 0 0 0 0 0 0 0 0 0 0 0 0 0 0 0 0 0 0 0 0 0 0 0 0 0 0 0 0 0 0 0 0 0 0 0 0 0 0 0 0 0 0 0 0 0 0 0 0 0 0 0 0 0 0 0 0 0 0 0 0 0 0 0 0 0 0 0 0 0 0 0 0 0 0 0 0 0 0 0 0 0 0 0 0 0 0 0 0 0 0 0 0 0 0 0 0 0 0 0 0 0 0 0 0 0 0 0 0 0 0 0 0 0 0 0 0 0 0 0 0 0 0 0 0 0 0 0 0 0 0 0 0 0 0 0 0 0 0 0 0 0 0 0 0 0 0 0 0 0 0 0 0 0 0 0 0 0 0 0 0 0 0 0 0 0 0 0 0 0 0 0 0 0 0 0 0 0 0 0 0 0 0 0 0 0 0 0 0 0 0 0 0 0 0 0 0 0 0 0 0 0 0 0 0 0 0 0 0 0 0 0 0 0 0 0 0 0 0 0 0 0 0 0 0 0 0 0 0 0 0 0 0 0 0 0 0 0 0 0 0 0 0 0 0 0 0 0 0 0 0 0 0 0 0 0 0 0 0 0 0 0 0 0 0 0 0 0 0 0 0 0 0 0 0 0 0 0 0 0 0 0 0 0 0 0 0 0 0 0 0 0 0 0 0 0 0 0 0 0 0 0 0 0 0 0 0 0 0 0 0 0 0 0 0 0 0 0 0 0 0 0 0 0 0 0 0 0 0 0 0 0 0 0 0 0 0 0 0 0 0 0 0 0 0 0 0 0 0 0 0 0 0 0 0 0 0 0 0 0 0 0 0 0 0 0 0 0 0 0 0 0 0 0 0 0 0 0 0 0 0 0 0 0 0 0 0 0 0 0 0 0 0 0 0 0 0 0 0 0 0 0 0 0 0 0 0 0 0 0 0 0 0 0 0 0 0 0 0 0 0 0 0 0 0 0 0 0 0 0 0 0 0 0 0 0 0 0 0 0 0 0 0 0 0 0 0 0 0 0 0 0 0 0 0 0 0 0 0 0 0 0 0 0 0 0 0 0 0 0 0 0 0 0 0 0 0 0 0 0 0 0 0 0 0 0 0 0 0 0 0 0 0 0 0 0 0 0 0 0 0 0 0 0 0 0 0 0 0 0 0 0 0 0 0 0 0 0 0 0 0 0 0 0 0 0 0 0 0 0 0 0 0 0 0 0 0 0 0 0 0 0 0 0 0 0 0 0 0 0 0 0 0 0 0 0 0 0 0 0 0 0 0 0 0 0 0 0 0 0 0 0 0 0 0 0 0 0 0 0 0 0 0 0 0 0 0 0 0 0 0 0 0 0 0 0 0 0 0 0 0 0 0 0 0 0 0 0 0 0 0 0 0 0 0 0 0 0 0 0 0 0 0 0 0 0 0 0 0 0 0 0 0 0 0 0 0 0 0 0 0 0 0 0 0 0 0 0 0 0 0 0 0 0 0 0 0 0 0 0 0 0 0 0 0 0 0 0 0 0 0 0 0 0 0 0 0 0 0 0 0 0 0 0 0 0 0 0 0 0 0 0 0 0 0 0 0 0 0 0 0 0 0 0 0 0 0 0 0 0 0 0 0 0 0 0 0 0 0 0 0 0 0 0 0 0 0 0 0 0 0 0 0 0 0 0 0 0 0 0 0 0 0 0 0 0 0 0 0 0 0 0 0 0 0 0 0 0 0 0 0 0 0 0 0 0 0 0 0 0 0 0 0 0 0 0 0 0 0 0 0 0 0 0 0 0 0 0 0 0 0 0 0 0 0 0 0 0 0 0 0 0 0 0 0 0 0 0 0 0 0 0 0 0 0 0 0 0 0 0 0 0 0 0 0 0 0 0 0 0 0 0 0 0 0 0 0 0 0 0 0 0 0 0 0 0 0 0 0 0 0 0 0 0 0 0 0 0 0 0 0 0 0 0 0 0 0 0 0 0 0 0 0 0 0 0 0 0 0 0 0 0 0 0 0 0 0 0 0 0 0 0 0 0 0 0 0 0 0 0 0 0 0 0 0 0 0 0 0 0 0 0 0 0 0 0 0 0 0 0 0 0 0 0 0 0 0 0 0 0 0 0 0 0 0 0 0 0 0 0 0 0 0 0 0
ctxt 394492756149
btime 1445852816
processes 22380767
procs_running 16
procs_blocked 0
softirq 24075188942 0 3655241665 1665971 3968278250 278693620 0 1 1648882428 57280610 1580244509
